0    1   0   10   9    0    1
1    1   0   11   10   1    2
2    1   0   12   11   2    3
3    1   0   13   12   3    4
4    1   0   14   13   4    5
5    1   0   15   14   5    6
6    1   0   16   15   6    7
7    1   0   17   16   7    8
8    1   0   19   18   9    10
9    1   0   20   19   10   11
10   1   0   21   20   11   12
11   1   0   22   21   12   13
12   1   0   23   22   13   14
13   1   0   24   23   14   15
14   1   0   25   24   15   16
15   1   0   26   25   16   17
