0  0.00  0.00  -1  -1
1  1.00  0.00   0   0
2  2.00  0.00   0   0
3  3.00  0.00   0   0
4  4.00  0.00  	0   0
5  5.00  0.00   0   0
6  6.00  0.00   0   0
7  7.00  0.00   0   0
8  8.00  0.00   0   0
9  0.00  1.00  -1  -1
10 1.00  1.00   0   0
11 2.00  1.00   0   0
12 3.00  1.00   0   0
13 4.00  1.00  	0   0
14 5.00  1.00   0   0
15 6.00  1.00   0   0
16 7.00  1.00   0   0
17 8.00  1.00   0   0
18 0.00  2.00  -1  -1
19 1.00  2.00   0   0
20 2.00  2.00   0   0
21 3.00  2.00   0   0
22 4.00  2.00  	0   0
23 5.00  2.00   0   0
24 6.00  2.00   0   0
25 7.00  2.00   0   0
26 8.00  2.00   0   0